image_width: 800
image_height: 448
camera_name: "camera"
camera_matrix:
  rows: 3
  cols: 3
  data: [628.3647085525911, 0.0, 405.3666716529258, 0.0, 628.7178247259629, 219.85900943866946, 0.0, 0.0, 1.0]
distortion_model: plumb_bob
distortion_coefficients:
  rows: 1
  cols: 5
  data: [-0.05833373387355902, 0.04275677101065476, 0.0027297883017878568, 0.0010492166863518037, 0.0]
rectification_matrix:
  rows: 3
  cols: 3
  data: [1.0, 0.0, 0.0, 0.0, 1.0, 0.0, 0.0, 0.0, 1.0]
projection_matrix:
  rows: 3
  cols: 4
  data: [617.11083984375, 0.0, 405.81031382628134, 0.0, 0.0, 623.0919799804688, 219.98612914350633, 0.0, 0.0, 0.0, 1.0, 0.0]